Priblizne korekcije geografskih koordinata, Hermanskoegel -> WGS84

Tocnost korekcija primjerena je tocnosti rucnih GPS prijemnika
ili zemljovida mjerila do 1:25k. Vrijednost korekcije po sirini
i duzini treba dodati Hermanskoegel koordinatma da bi se dobile
WGS84 koordinate.


Korekcije (sirina;duzina) u sekundama ili minutama, u centru listova 1:100k

              Ptuj:  -1.2;-17.8  -0.020;-0.297
          Varazdin:  -1.1;-18.0  -0.018;-0.300
        Koprivnica:  -1.0;-18.3  -0.017;-0.305
        Djurdjevac:  -0.9;-18.5  -0.015;-0.308

          Postojna:  -1.2;-16.9  -0.020;-0.282
           Kocevje:  -1.1;-17.1  -0.018;-0.285
        Novo_Mesto:  -1.0;-17.4  -0.017;-0.290
            Zagreb:  -0.9;-17.6  -0.015;-0.293
            Ivanic:  -0.9;-17.8  -0.015;-0.297
          Bjelovar:  -0.8;-18.1  -0.013;-0.302
        Virovitica:  -0.7;-18.3  -0.012;-0.305
 Podravska_Slatina:  -0.6;-18.6  -0.010;-0.310
    Donji_Miholjac:  -0.6;-18.8  -0.010;-0.313
            Osijek:  -0.5;-19.0  -0.008;-0.317
            Sombor:  -0.4;-19.3  -0.007;-0.322

            Rovinj:  -1.0;-16.5  -0.017;-0.275
            Rijeka:  -1.0;-16.7  -0.017;-0.278
           Delnice:  -0.9;-17.0  -0.015;-0.283
            Ogulin:  -0.8;-17.2  -0.013;-0.287
          Karlovac:  -0.7;-17.5  -0.012;-0.292
             Sisak:  -0.7;-17.7  -0.012;-0.295
   Bosanska_Dubica:  -0.6;-17.9  -0.010;-0.298
     Nova_Gradiska:  -0.5;-18.2  -0.008;-0.303
            Pozega:  -0.4;-18.4  -0.007;-0.307
    Slavonski_Brod:  -0.3;-18.6  -0.005;-0.310
          Vinkovci:  -0.3;-18.9  -0.005;-0.315
     Backa_Palanka:  -0.2;-19.1  -0.003;-0.318

              Pula:  -0.8;-16.3  -0.013;-0.272
              Cres:  -0.7;-16.6  -0.012;-0.277
               Rab:  -0.7;-16.8  -0.012;-0.280
            Gospic:  -0.6;-17.1  -0.010;-0.285
             Bihac:  -0.5;-17.3  -0.008;-0.288
    Bosanska_Krupa:  -0.4;-17.5  -0.007;-0.292
       44:45_16:45:  -0.4;-17.8  -0.007;-0.297
       44:45_17:15:  -0.3;-18.0  -0.005;-0.300
       44:45_17:45:  -0.2;-18.2  -0.003;-0.303
       44:45_18:15:  -0.1;-18.5  -0.002;-0.308
             Tuzla:   0.0;-18.7   0.000;-0.312
         Bijeljina:   0.0;-18.9   0.000;-0.315

             Silba:  -0.4;-16.7  -0.007;-0.278
             Zadar:  -0.4;-16.9  -0.007;-0.282
            Gracac:  -0.3;-17.2  -0.005;-0.287
             Drvar:  -0.2;-17.4  -0.003;-0.290
            Glamoc:  -0.1;-17.6  -0.002;-0.293
       44:15_17:15:  -0.1;-17.9  -0.002;-0.298
       44:15_17:45:   0.0;-18.1   0.000;-0.302
       44:15_18:15:   0.1;-18.3   0.002;-0.305
       44:15_18:45:   0.2;-18.5   0.003;-0.308
       44:15_19:15:   0.2;-18.8   0.003;-0.313

           Biograd:  -0.2;-16.8  -0.003;-0.280
           Sibenik:  -0.1;-17.0  -0.002;-0.283
             Split:   0.0;-17.2   0.000;-0.287
              Sinj:   0.1;-17.5   0.002;-0.292
             Livno:   0.1;-17.7   0.002;-0.295
       43:45_17:45:   0.2;-17.9   0.003;-0.298
       43:45_18:15:   0.3;-18.2   0.005;-0.303
       43:45_18:45:   0.4;-18.4   0.007;-0.307
       43:45_19:15:   0.5;-18.6   0.008;-0.310

               Vis:   0.2;-17.1   0.003;-0.285
              Omis:   0.3;-17.3   0.005;-0.288
          Makarska:   0.4;-17.6   0.007;-0.293
            Mostar:   0.4;-17.8   0.007;-0.297
       43:15_18:15:   0.5;-18.0   0.008;-0.300
       43:15_18:45:   0.6;-18.2   0.010;-0.303
       43:15_19:15:   0.7;-18.5   0.012;-0.308

           Lastovo:   0.5;-17.2   0.008;-0.287
           Korcula:   0.6;-17.4   0.010;-0.290
              Ston:   0.6;-17.6   0.010;-0.293
          Trebinje:   0.7;-17.9   0.012;-0.298
       42:45_18:45:   0.8;-18.1   0.013;-0.302
       42:45_19:15:   0.9;-18.3   0.015;-0.305

          Sutorina:   0.9;-17.7   0.015;-0.295
           Cetinje:   1.0;-18.0   0.017;-0.300
       42:15_19:15:   1.1;-18.2   0.018;-0.303


 Tabela korekcije po cijelobrojnim stupnjevima sirine i duzine, u sekundama

         13          14          15          16          17          18          19          20          21
47   -1.9;-16.6  -1.8;-17.1  -1.6;-17.6  -1.5;-18.1  -1.3;-18.6  -1.1;-19.1  -1.0;-19.6  -0.8;-20.1  -0.6;-20.5
46   -1.5;-16.3  -1.3;-16.8  -1.2;-17.3  -1.0;-17.8  -0.9;-18.3  -0.7;-18.8  -0.5;-19.2  -0.4;-19.7  -0.2;-20.2
45   -1.0;-16.0  -0.9;-16.5  -0.7;-17.0  -0.6;-17.5  -0.4;-18.0  -0.3;-18.4  -0.1;-18.9   0.1;-19.4   0.2;-19.8
44   -0.6;-15.8  -0.4;-16.2  -0.3;-16.7  -0.2;-17.2   0.0;-17.7   0.2;-18.1   0.3;-18.6   0.5;-19.0   0.6;-19.5
43   -0.2;-15.5   0.0;-16.0   0.1;-16.5   0.3;-16.9   0.4;-17.4   0.6;-17.8   0.7;-18.3   0.9;-18.7   1.1;-19.2
42    0.3;-15.3   0.4;-15.7   0.6;-16.2   0.7;-16.6   0.8;-17.1   1.0;-17.5   1.2;-18.0   1.3;-18.4   1.5;-18.9


 Tabela korekcije po cijelobrojnim stupnjevima sirine i duzine, u minutama

          13            14            15            16            17            18            19            20            21
47  -0.032;-0.277 -0.030;-0.285 -0.027;-0.293 -0.025;-0.302 -0.022;-0.310 -0.018;-0.318 -0.017;-0.327 -0.013;-0.335 -0.010;-0.342
46  -0.025;-0.272 -0.022;-0.280 -0.020;-0.288 -0.017;-0.297 -0.015;-0.305 -0.012;-0.313 -0.008;-0.320 -0.007;-0.328 -0.003;-0.337
45  -0.017;-0.267 -0.015;-0.275 -0.012;-0.283 -0.010;-0.292 -0.007;-0.300 -0.005;-0.307 -0.002;-0.315  0.002;-0.323  0.003;-0.330
44  -0.010;-0.263 -0.007;-0.270 -0.005;-0.278 -0.003;-0.287  0.000;-0.295  0.003;-0.302  0.005;-0.310  0.008;-0.317  0.010;-0.325
43  -0.003;-0.258  0.000;-0.267  0.002;-0.275  0.005;-0.282  0.007;-0.290  0.010;-0.297  0.012;-0.305  0.015;-0.312  0.018;-0.320
42   0.005;-0.255  0.007;-0.262  0.010;-0.270  0.012;-0.277  0.013;-0.285  0.017;-0.292  0.020;-0.300  0.022;-0.307  0.025;-0.315

